109 0.131532 0.29961925 0.06352 0.108844
90 0.131532 0.42557325 0.06352 0.108844
20 0.131532 0.55899625 0.06352 0.108844
104 0.131532 0.68784725 0.06352 0.108844
101 0.131532 0.81821975 0.06352 0.108844
70 0.8688522 0.29961925 0.06352 0.108844
94 0.8688522 0.42557325 0.06352 0.108844
88 0.8688522 0.55899625 0.06352 0.108844
22 0.8688522 0.68784725 0.06352 0.108844
123 0.8688522 0.81821975 0.06352 0.108844
2 0.5 0.058992 0.195876 0.076747
6 0.807003 0.165001 0.114925 0.027715
5 0.120271 0.897661 0.216694 0.02924