left_hero_0 0.131532 0.29961925 0.06352 0.108844
left_hero_1 0.131532 0.42557325 0.06352 0.108844
left_hero_2 0.131532 0.55899625 0.06352 0.108844
left_hero_3 0.131532 0.68784725 0.06352 0.108844
left_hero_4 0.131532 0.81821975 0.06352 0.108844
right_hero_0 0.8688522 0.29961925 0.06352 0.108844
right_hero_1 0.8688522 0.42557325 0.06352 0.108844
right_hero_2 0.8688522 0.55899625 0.06352 0.108844
right_hero_3 0.8688522 0.68784725 0.06352 0.108844
right_hero_4 0.8688522 0.81821975 0.06352 0.108844
match_result 0.5 0.058992 0.195876 0.076747
match_duration 0.807003 0.165001 0.114925 0.027715
battle_id 0.120271 0.897661 0.216694 0.02924