130 0.131532 0.29961925 0.06352 0.108844
60 0.131532 0.42557325 0.06352 0.108844
81 0.131532 0.55899625 0.06352 0.108844
65 0.131532 0.68784725 0.06352 0.108844
98 0.131532 0.81821975 0.06352 0.108844
129 0.8688522 0.29961925 0.06352 0.108844
115 0.8688522 0.42557325 0.06352 0.108844
90 0.8688522 0.55899625 0.06352 0.108844
123 0.8688522 0.68784725 0.06352 0.108844
117 0.8688522 0.81821975 0.06352 0.108844
0 0.5 0.058992 0.195876 0.076747
6 0.807003 0.165001 0.114925 0.027715
5 0.120271 0.897661 0.216694 0.02924
3 0.301515 0.069504 0.045455 0.053659
4 0.698323 0.069504 0.045455 0.053659
9 0.4628652 0.29961925 0.062104 0.111111
7 0.4628652 0.42557325 0.062104 0.111111
9 0.4628652 0.55899625 0.062104 0.111111
9 0.4628652 0.68784725 0.062104 0.111111
9 0.4628652 0.81821975 0.062104 0.111111
11 0.5380466 0.29961925 0.062104 0.111111
8 0.5380466 0.42557325 0.062104 0.111111
11 0.5380466 0.55899625 0.062104 0.111111
9 0.5380466 0.68784725 0.062104 0.111111
10 0.5380466 0.81821975 0.062104 0.111111